correct2.pm0
PM/0 code:

  0  INC         6  
  1  LIT         5  
  2  STO    0    4  
  3  LIT        52  
  4  STO    0    5  
  5  LOD    0    5  
  6  OUT      
  7  LOD    0    4  
  8  OUT      
  9  LOD    0    5  
 10  LOD    0    4  
 11  GEQ            
 12  JPC        18  
 13  LOD    0    5  
 14  LOD    0    4  
 15  SUB            
 16  STO    0    5  
 17  JMP         9  
 18  LOD    0    5  
 19  OUT      
 20  HLT            

Execution:
                      pc   bp   sp   stack
                       0    1    0   
  0  INC         6     1    1    6   0 0 0 0 0 0 
  1  LIT         5     2    1    7   0 0 0 0 0 0 5 
  2  STO    0    4     3    1    6   0 0 0 0 5 0 
  3  LIT        52     4    1    7   0 0 0 0 5 0 52 
  4  STO    0    5     5    1    6   0 0 0 0 5 52 
  5  LOD    0    5     6    1    7   0 0 0 0 5 52 52 
  6  OUT      
Output:  52            7    1    6   0 0 0 0 5 52 
  7  LOD    0    4     8    1    7   0 0 0 0 5 52 5 
  8  OUT      
Output:   5            9    1    6   0 0 0 0 5 52 
  9  LOD    0    5    10    1    7   0 0 0 0 5 52 52 
 10  LOD    0    4    11    1    8   0 0 0 0 5 52 52 5 
 11  GEQ              12    1    7   0 0 0 0 5 52 1 
 12  JPC        18    13    1    6   0 0 0 0 5 52 
 13  LOD    0    5    14    1    7   0 0 0 0 5 52 52 
 14  LOD    0    4    15    1    8   0 0 0 0 5 52 52 5 
 15  SUB              16    1    7   0 0 0 0 5 52 47 
 16  STO    0    5    17    1    6   0 0 0 0 5 47 
 17  JMP         9     9    1    6   0 0 0 0 5 47 
  9  LOD    0    5    10    1    7   0 0 0 0 5 47 47 
 10  LOD    0    4    11    1    8   0 0 0 0 5 47 47 5 
 11  GEQ              12    1    7   0 0 0 0 5 47 1 
 12  JPC        18    13    1    6   0 0 0 0 5 47 
 13  LOD    0    5    14    1    7   0 0 0 0 5 47 47 
 14  LOD    0    4    15    1    8   0 0 0 0 5 47 47 5 
 15  SUB              16    1    7   0 0 0 0 5 47 42 
 16  STO    0    5    17    1    6   0 0 0 0 5 42 
 17  JMP         9     9    1    6   0 0 0 0 5 42 
  9  LOD    0    5    10    1    7   0 0 0 0 5 42 42 
 10  LOD    0    4    11    1    8   0 0 0 0 5 42 42 5 
 11  GEQ              12    1    7   0 0 0 0 5 42 1 
 12  JPC        18    13    1    6   0 0 0 0 5 42 
 13  LOD    0    5    14    1    7   0 0 0 0 5 42 42 
 14  LOD    0    4    15    1    8   0 0 0 0 5 42 42 5 
 15  SUB              16    1    7   0 0 0 0 5 42 37 
 16  STO    0    5    17    1    6   0 0 0 0 5 37 
 17  JMP         9     9    1    6   0 0 0 0 5 37 
  9  LOD    0    5    10    1    7   0 0 0 0 5 37 37 
 10  LOD    0    4    11    1    8   0 0 0 0 5 37 37 5 
 11  GEQ              12    1    7   0 0 0 0 5 37 1 
 12  JPC        18    13    1    6   0 0 0 0 5 37 
 13  LOD    0    5    14    1    7   0 0 0 0 5 37 37 
 14  LOD    0    4    15    1    8   0 0 0 0 5 37 37 5 
 15  SUB              16    1    7   0 0 0 0 5 37 32 
 16  STO    0    5    17    1    6   0 0 0 0 5 32 
 17  JMP         9     9    1    6   0 0 0 0 5 32 
  9  LOD    0    5    10    1    7   0 0 0 0 5 32 32 
 10  LOD    0    4    11    1    8   0 0 0 0 5 32 32 5 
 11  GEQ              12    1    7   0 0 0 0 5 32 1 
 12  JPC        18    13    1    6   0 0 0 0 5 32 
 13  LOD    0    5    14    1    7   0 0 0 0 5 32 32 
 14  LOD    0    4    15    1    8   0 0 0 0 5 32 32 5 
 15  SUB              16    1    7   0 0 0 0 5 32 27 
 16  STO    0    5    17    1    6   0 0 0 0 5 27 
 17  JMP         9     9    1    6   0 0 0 0 5 27 
  9  LOD    0    5    10    1    7   0 0 0 0 5 27 27 
 10  LOD    0    4    11    1    8   0 0 0 0 5 27 27 5 
 11  GEQ              12    1    7   0 0 0 0 5 27 1 
 12  JPC        18    13    1    6   0 0 0 0 5 27 
 13  LOD    0    5    14    1    7   0 0 0 0 5 27 27 
 14  LOD    0    4    15    1    8   0 0 0 0 5 27 27 5 
 15  SUB              16    1    7   0 0 0 0 5 27 22 
 16  STO    0    5    17    1    6   0 0 0 0 5 22 
 17  JMP         9     9    1    6   0 0 0 0 5 22 
  9  LOD    0    5    10    1    7   0 0 0 0 5 22 22 
 10  LOD    0    4    11    1    8   0 0 0 0 5 22 22 5 
 11  GEQ              12    1    7   0 0 0 0 5 22 1 
 12  JPC        18    13    1    6   0 0 0 0 5 22 
 13  LOD    0    5    14    1    7   0 0 0 0 5 22 22 
 14  LOD    0    4    15    1    8   0 0 0 0 5 22 22 5 
 15  SUB              16    1    7   0 0 0 0 5 22 17 
 16  STO    0    5    17    1    6   0 0 0 0 5 17 
 17  JMP         9     9    1    6   0 0 0 0 5 17 
  9  LOD    0    5    10    1    7   0 0 0 0 5 17 17 
 10  LOD    0    4    11    1    8   0 0 0 0 5 17 17 5 
 11  GEQ              12    1    7   0 0 0 0 5 17 1 
 12  JPC        18    13    1    6   0 0 0 0 5 17 
 13  LOD    0    5    14    1    7   0 0 0 0 5 17 17 
 14  LOD    0    4    15    1    8   0 0 0 0 5 17 17 5 
 15  SUB              16    1    7   0 0 0 0 5 17 12 
 16  STO    0    5    17    1    6   0 0 0 0 5 12 
 17  JMP         9     9    1    6   0 0 0 0 5 12 
  9  LOD    0    5    10    1    7   0 0 0 0 5 12 12 
 10  LOD    0    4    11    1    8   0 0 0 0 5 12 12 5 
 11  GEQ              12    1    7   0 0 0 0 5 12 1 
 12  JPC        18    13    1    6   0 0 0 0 5 12 
 13  LOD    0    5    14    1    7   0 0 0 0 5 12 12 
 14  LOD    0    4    15    1    8   0 0 0 0 5 12 12 5 
 15  SUB              16    1    7   0 0 0 0 5 12 7 
 16  STO    0    5    17    1    6   0 0 0 0 5 7 
 17  JMP         9     9    1    6   0 0 0 0 5 7 
  9  LOD    0    5    10    1    7   0 0 0 0 5 7 7 
 10  LOD    0    4    11    1    8   0 0 0 0 5 7 7 5 
 11  GEQ              12    1    7   0 0 0 0 5 7 1 
 12  JPC        18    13    1    6   0 0 0 0 5 7 
 13  LOD    0    5    14    1    7   0 0 0 0 5 7 7 
 14  LOD    0    4    15    1    8   0 0 0 0 5 7 7 5 
 15  SUB              16    1    7   0 0 0 0 5 7 2 
 16  STO    0    5    17    1    6   0 0 0 0 5 2 
 17  JMP         9     9    1    6   0 0 0 0 5 2 
  9  LOD    0    5    10    1    7   0 0 0 0 5 2 2 
 10  LOD    0    4    11    1    8   0 0 0 0 5 2 2 5 
 11  GEQ              12    1    7   0 0 0 0 5 2 0 
 12  JPC        18    18    1    6   0 0 0 0 5 2 
 18  LOD    0    5    19    1    7   0 0 0 0 5 2 2 
 19  OUT      
Output:   2           20    1    6   0 0 0 0 5 2 
 20  HLT              21    1    6   0 0 0 0 5 2 
