correct3.pm0
PM/0 code:

  0  INC         6  
  1  LIT        10  
  2  STO    0    5  
  3  LOD    0    5  
  4  LIT         1  
  5  GTR            
  6  JPC        25  
  7  LOD    0    5  
  8  STO    0    4  
  9  LOD    0    4  
 10  LIT         0  
 11  GTR            
 12  JPC        20  
 13  LOD    0    4  
 14  OUT      
 15  LOD    0    4  
 16  LIT         1  
 17  SUB            
 18  STO    0    4  
 19  JMP         9  
 20  LOD    0    5  
 21  LIT         1  
 22  SUB            
 23  STO    0    5  
 24  JMP         3  
 25  HLT            

Execution:
                      pc   bp   sp   stack
                       0    1    0   
  0  INC         6     1    1    6   0 0 0 0 0 0 
  1  LIT        10     2    1    7   0 0 0 0 0 0 10 
  2  STO    0    5     3    1    6   0 0 0 0 0 10 
  3  LOD    0    5     4    1    7   0 0 0 0 0 10 10 
  4  LIT         1     5    1    8   0 0 0 0 0 10 10 1 
  5  GTR               6    1    7   0 0 0 0 0 10 1 
  6  JPC        25     7    1    6   0 0 0 0 0 10 
  7  LOD    0    5     8    1    7   0 0 0 0 0 10 10 
  8  STO    0    4     9    1    6   0 0 0 0 10 10 
  9  LOD    0    4    10    1    7   0 0 0 0 10 10 10 
 10  LIT         0    11    1    8   0 0 0 0 10 10 10 0 
 11  GTR              12    1    7   0 0 0 0 10 10 1 
 12  JPC        20    13    1    6   0 0 0 0 10 10 
 13  LOD    0    4    14    1    7   0 0 0 0 10 10 10 
 14  OUT      
Output:  10           15    1    6   0 0 0 0 10 10 
 15  LOD    0    4    16    1    7   0 0 0 0 10 10 10 
 16  LIT         1    17    1    8   0 0 0 0 10 10 10 1 
 17  SUB              18    1    7   0 0 0 0 10 10 9 
 18  STO    0    4    19    1    6   0 0 0 0 9 10 
 19  JMP         9     9    1    6   0 0 0 0 9 10 
  9  LOD    0    4    10    1    7   0 0 0 0 9 10 9 
 10  LIT         0    11    1    8   0 0 0 0 9 10 9 0 
 11  GTR              12    1    7   0 0 0 0 9 10 1 
 12  JPC        20    13    1    6   0 0 0 0 9 10 
 13  LOD    0    4    14    1    7   0 0 0 0 9 10 9 
 14  OUT      
Output:   9           15    1    6   0 0 0 0 9 10 
 15  LOD    0    4    16    1    7   0 0 0 0 9 10 9 
 16  LIT         1    17    1    8   0 0 0 0 9 10 9 1 
 17  SUB              18    1    7   0 0 0 0 9 10 8 
 18  STO    0    4    19    1    6   0 0 0 0 8 10 
 19  JMP         9     9    1    6   0 0 0 0 8 10 
  9  LOD    0    4    10    1    7   0 0 0 0 8 10 8 
 10  LIT         0    11    1    8   0 0 0 0 8 10 8 0 
 11  GTR              12    1    7   0 0 0 0 8 10 1 
 12  JPC        20    13    1    6   0 0 0 0 8 10 
 13  LOD    0    4    14    1    7   0 0 0 0 8 10 8 
 14  OUT      
Output:   8           15    1    6   0 0 0 0 8 10 
 15  LOD    0    4    16    1    7   0 0 0 0 8 10 8 
 16  LIT         1    17    1    8   0 0 0 0 8 10 8 1 
 17  SUB              18    1    7   0 0 0 0 8 10 7 
 18  STO    0    4    19    1    6   0 0 0 0 7 10 
 19  JMP         9     9    1    6   0 0 0 0 7 10 
  9  LOD    0    4    10    1    7   0 0 0 0 7 10 7 
 10  LIT         0    11    1    8   0 0 0 0 7 10 7 0 
 11  GTR              12    1    7   0 0 0 0 7 10 1 
 12  JPC        20    13    1    6   0 0 0 0 7 10 
 13  LOD    0    4    14    1    7   0 0 0 0 7 10 7 
 14  OUT      
Output:   7           15    1    6   0 0 0 0 7 10 
 15  LOD    0    4    16    1    7   0 0 0 0 7 10 7 
 16  LIT         1    17    1    8   0 0 0 0 7 10 7 1 
 17  SUB              18    1    7   0 0 0 0 7 10 6 
 18  STO    0    4    19    1    6   0 0 0 0 6 10 
 19  JMP         9     9    1    6   0 0 0 0 6 10 
  9  LOD    0    4    10    1    7   0 0 0 0 6 10 6 
 10  LIT         0    11    1    8   0 0 0 0 6 10 6 0 
 11  GTR              12    1    7   0 0 0 0 6 10 1 
 12  JPC        20    13    1    6   0 0 0 0 6 10 
 13  LOD    0    4    14    1    7   0 0 0 0 6 10 6 
 14  OUT      
Output:   6           15    1    6   0 0 0 0 6 10 
 15  LOD    0    4    16    1    7   0 0 0 0 6 10 6 
 16  LIT         1    17    1    8   0 0 0 0 6 10 6 1 
 17  SUB              18    1    7   0 0 0 0 6 10 5 
 18  STO    0    4    19    1    6   0 0 0 0 5 10 
 19  JMP         9     9    1    6   0 0 0 0 5 10 
  9  LOD    0    4    10    1    7   0 0 0 0 5 10 5 
 10  LIT         0    11    1    8   0 0 0 0 5 10 5 0 
 11  GTR              12    1    7   0 0 0 0 5 10 1 
 12  JPC        20    13    1    6   0 0 0 0 5 10 
 13  LOD    0    4    14    1    7   0 0 0 0 5 10 5 
 14  OUT      
Output:   5           15    1    6   0 0 0 0 5 10 
 15  LOD    0    4    16    1    7   0 0 0 0 5 10 5 
 16  LIT         1    17    1    8   0 0 0 0 5 10 5 1 
 17  SUB              18    1    7   0 0 0 0 5 10 4 
 18  STO    0    4    19    1    6   0 0 0 0 4 10 
 19  JMP         9     9    1    6   0 0 0 0 4 10 
  9  LOD    0    4    10    1    7   0 0 0 0 4 10 4 
 10  LIT         0    11    1    8   0 0 0 0 4 10 4 0 
 11  GTR              12    1    7   0 0 0 0 4 10 1 
 12  JPC        20    13    1    6   0 0 0 0 4 10 
 13  LOD    0    4    14    1    7   0 0 0 0 4 10 4 
 14  OUT      
Output:   4           15    1    6   0 0 0 0 4 10 
 15  LOD    0    4    16    1    7   0 0 0 0 4 10 4 
 16  LIT         1    17    1    8   0 0 0 0 4 10 4 1 
 17  SUB              18    1    7   0 0 0 0 4 10 3 
 18  STO    0    4    19    1    6   0 0 0 0 3 10 
 19  JMP         9     9    1    6   0 0 0 0 3 10 
  9  LOD    0    4    10    1    7   0 0 0 0 3 10 3 
 10  LIT         0    11    1    8   0 0 0 0 3 10 3 0 
 11  GTR              12    1    7   0 0 0 0 3 10 1 
 12  JPC        20    13    1    6   0 0 0 0 3 10 
 13  LOD    0    4    14    1    7   0 0 0 0 3 10 3 
 14  OUT      
Output:   3           15    1    6   0 0 0 0 3 10 
 15  LOD    0    4    16    1    7   0 0 0 0 3 10 3 
 16  LIT         1    17    1    8   0 0 0 0 3 10 3 1 
 17  SUB              18    1    7   0 0 0 0 3 10 2 
 18  STO    0    4    19    1    6   0 0 0 0 2 10 
 19  JMP         9     9    1    6   0 0 0 0 2 10 
  9  LOD    0    4    10    1    7   0 0 0 0 2 10 2 
 10  LIT         0    11    1    8   0 0 0 0 2 10 2 0 
 11  GTR              12    1    7   0 0 0 0 2 10 1 
 12  JPC        20    13    1    6   0 0 0 0 2 10 
 13  LOD    0    4    14    1    7   0 0 0 0 2 10 2 
 14  OUT      
Output:   2           15    1    6   0 0 0 0 2 10 
 15  LOD    0    4    16    1    7   0 0 0 0 2 10 2 
 16  LIT         1    17    1    8   0 0 0 0 2 10 2 1 
 17  SUB              18    1    7   0 0 0 0 2 10 1 
 18  STO    0    4    19    1    6   0 0 0 0 1 10 
 19  JMP         9     9    1    6   0 0 0 0 1 10 
  9  LOD    0    4    10    1    7   0 0 0 0 1 10 1 
 10  LIT         0    11    1    8   0 0 0 0 1 10 1 0 
 11  GTR              12    1    7   0 0 0 0 1 10 1 
 12  JPC        20    13    1    6   0 0 0 0 1 10 
 13  LOD    0    4    14    1    7   0 0 0 0 1 10 1 
 14  OUT      
Output:   1           15    1    6   0 0 0 0 1 10 
 15  LOD    0    4    16    1    7   0 0 0 0 1 10 1 
 16  LIT         1    17    1    8   0 0 0 0 1 10 1 1 
 17  SUB              18    1    7   0 0 0 0 1 10 0 
 18  STO    0    4    19    1    6   0 0 0 0 0 10 
 19  JMP         9     9    1    6   0 0 0 0 0 10 
  9  LOD    0    4    10    1    7   0 0 0 0 0 10 0 
 10  LIT         0    11    1    8   0 0 0 0 0 10 0 0 
 11  GTR              12    1    7   0 0 0 0 0 10 0 
 12  JPC        20    20    1    6   0 0 0 0 0 10 
 20  LOD    0    5    21    1    7   0 0 0 0 0 10 10 
 21  LIT         1    22    1    8   0 0 0 0 0 10 10 1 
 22  SUB              23    1    7   0 0 0 0 0 10 9 
 23  STO    0    5    24    1    6   0 0 0 0 0 9 
 24  JMP         3     3    1    6   0 0 0 0 0 9 
  3  LOD    0    5     4    1    7   0 0 0 0 0 9 9 
  4  LIT         1     5    1    8   0 0 0 0 0 9 9 1 
  5  GTR               6    1    7   0 0 0 0 0 9 1 
  6  JPC        25     7    1    6   0 0 0 0 0 9 
  7  LOD    0    5     8    1    7   0 0 0 0 0 9 9 
  8  STO    0    4     9    1    6   0 0 0 0 9 9 
  9  LOD    0    4    10    1    7   0 0 0 0 9 9 9 
 10  LIT         0    11    1    8   0 0 0 0 9 9 9 0 
 11  GTR              12    1    7   0 0 0 0 9 9 1 
 12  JPC        20    13    1    6   0 0 0 0 9 9 
 13  LOD    0    4    14    1    7   0 0 0 0 9 9 9 
 14  OUT      
Output:   9           15    1    6   0 0 0 0 9 9 
 15  LOD    0    4    16    1    7   0 0 0 0 9 9 9 
 16  LIT         1    17    1    8   0 0 0 0 9 9 9 1 
 17  SUB              18    1    7   0 0 0 0 9 9 8 
 18  STO    0    4    19    1    6   0 0 0 0 8 9 
 19  JMP         9     9    1    6   0 0 0 0 8 9 
  9  LOD    0    4    10    1    7   0 0 0 0 8 9 8 
 10  LIT         0    11    1    8   0 0 0 0 8 9 8 0 
 11  GTR              12    1    7   0 0 0 0 8 9 1 
 12  JPC        20    13    1    6   0 0 0 0 8 9 
 13  LOD    0    4    14    1    7   0 0 0 0 8 9 8 
 14  OUT      
Output:   8           15    1    6   0 0 0 0 8 9 
 15  LOD    0    4    16    1    7   0 0 0 0 8 9 8 
 16  LIT         1    17    1    8   0 0 0 0 8 9 8 1 
 17  SUB              18    1    7   0 0 0 0 8 9 7 
 18  STO    0    4    19    1    6   0 0 0 0 7 9 
 19  JMP         9     9    1    6   0 0 0 0 7 9 
  9  LOD    0    4    10    1    7   0 0 0 0 7 9 7 
 10  LIT         0    11    1    8   0 0 0 0 7 9 7 0 
 11  GTR              12    1    7   0 0 0 0 7 9 1 
 12  JPC        20    13    1    6   0 0 0 0 7 9 
 13  LOD    0    4    14    1    7   0 0 0 0 7 9 7 
 14  OUT      
Output:   7           15    1    6   0 0 0 0 7 9 
 15  LOD    0    4    16    1    7   0 0 0 0 7 9 7 
 16  LIT         1    17    1    8   0 0 0 0 7 9 7 1 
 17  SUB              18    1    7   0 0 0 0 7 9 6 
 18  STO    0    4    19    1    6   0 0 0 0 6 9 
 19  JMP         9     9    1    6   0 0 0 0 6 9 
  9  LOD    0    4    10    1    7   0 0 0 0 6 9 6 
 10  LIT         0    11    1    8   0 0 0 0 6 9 6 0 
 11  GTR              12    1    7   0 0 0 0 6 9 1 
 12  JPC        20    13    1    6   0 0 0 0 6 9 
 13  LOD    0    4    14    1    7   0 0 0 0 6 9 6 
 14  OUT      
Output:   6           15    1    6   0 0 0 0 6 9 
 15  LOD    0    4    16    1    7   0 0 0 0 6 9 6 
 16  LIT         1    17    1    8   0 0 0 0 6 9 6 1 
 17  SUB              18    1    7   0 0 0 0 6 9 5 
 18  STO    0    4    19    1    6   0 0 0 0 5 9 
 19  JMP         9     9    1    6   0 0 0 0 5 9 
  9  LOD    0    4    10    1    7   0 0 0 0 5 9 5 
 10  LIT         0    11    1    8   0 0 0 0 5 9 5 0 
 11  GTR              12    1    7   0 0 0 0 5 9 1 
 12  JPC        20    13    1    6   0 0 0 0 5 9 
 13  LOD    0    4    14    1    7   0 0 0 0 5 9 5 
 14  OUT      
Output:   5           15    1    6   0 0 0 0 5 9 
 15  LOD    0    4    16    1    7   0 0 0 0 5 9 5 
 16  LIT         1    17    1    8   0 0 0 0 5 9 5 1 
 17  SUB              18    1    7   0 0 0 0 5 9 4 
 18  STO    0    4    19    1    6   0 0 0 0 4 9 
 19  JMP         9     9    1    6   0 0 0 0 4 9 
  9  LOD    0    4    10    1    7   0 0 0 0 4 9 4 
 10  LIT         0    11    1    8   0 0 0 0 4 9 4 0 
 11  GTR              12    1    7   0 0 0 0 4 9 1 
 12  JPC        20    13    1    6   0 0 0 0 4 9 
 13  LOD    0    4    14    1    7   0 0 0 0 4 9 4 
 14  OUT      
Output:   4           15    1    6   0 0 0 0 4 9 
 15  LOD    0    4    16    1    7   0 0 0 0 4 9 4 
 16  LIT         1    17    1    8   0 0 0 0 4 9 4 1 
 17  SUB              18    1    7   0 0 0 0 4 9 3 
 18  STO    0    4    19    1    6   0 0 0 0 3 9 
 19  JMP         9     9    1    6   0 0 0 0 3 9 
  9  LOD    0    4    10    1    7   0 0 0 0 3 9 3 
 10  LIT         0    11    1    8   0 0 0 0 3 9 3 0 
 11  GTR              12    1    7   0 0 0 0 3 9 1 
 12  JPC        20    13    1    6   0 0 0 0 3 9 
 13  LOD    0    4    14    1    7   0 0 0 0 3 9 3 
 14  OUT      
Output:   3           15    1    6   0 0 0 0 3 9 
 15  LOD    0    4    16    1    7   0 0 0 0 3 9 3 
 16  LIT         1    17    1    8   0 0 0 0 3 9 3 1 
 17  SUB              18    1    7   0 0 0 0 3 9 2 
 18  STO    0    4    19    1    6   0 0 0 0 2 9 
 19  JMP         9     9    1    6   0 0 0 0 2 9 
  9  LOD    0    4    10    1    7   0 0 0 0 2 9 2 
 10  LIT         0    11    1    8   0 0 0 0 2 9 2 0 
 11  GTR              12    1    7   0 0 0 0 2 9 1 
 12  JPC        20    13    1    6   0 0 0 0 2 9 
 13  LOD    0    4    14    1    7   0 0 0 0 2 9 2 
 14  OUT      
Output:   2           15    1    6   0 0 0 0 2 9 
 15  LOD    0    4    16    1    7   0 0 0 0 2 9 2 
 16  LIT         1    17    1    8   0 0 0 0 2 9 2 1 
 17  SUB              18    1    7   0 0 0 0 2 9 1 
 18  STO    0    4    19    1    6   0 0 0 0 1 9 
 19  JMP         9     9    1    6   0 0 0 0 1 9 
  9  LOD    0    4    10    1    7   0 0 0 0 1 9 1 
 10  LIT         0    11    1    8   0 0 0 0 1 9 1 0 
 11  GTR              12    1    7   0 0 0 0 1 9 1 
 12  JPC        20    13    1    6   0 0 0 0 1 9 
 13  LOD    0    4    14    1    7   0 0 0 0 1 9 1 
 14  OUT      
Output:   1           15    1    6   0 0 0 0 1 9 
 15  LOD    0    4    16    1    7   0 0 0 0 1 9 1 
 16  LIT         1    17    1    8   0 0 0 0 1 9 1 1 
 17  SUB              18    1    7   0 0 0 0 1 9 0 
 18  STO    0    4    19    1    6   0 0 0 0 0 9 
 19  JMP         9     9    1    6   0 0 0 0 0 9 
  9  LOD    0    4    10    1    7   0 0 0 0 0 9 0 
 10  LIT         0    11    1    8   0 0 0 0 0 9 0 0 
 11  GTR              12    1    7   0 0 0 0 0 9 0 
 12  JPC        20    20    1    6   0 0 0 0 0 9 
 20  LOD    0    5    21    1    7   0 0 0 0 0 9 9 
 21  LIT         1    22    1    8   0 0 0 0 0 9 9 1 
 22  SUB              23    1    7   0 0 0 0 0 9 8 
 23  STO    0    5    24    1    6   0 0 0 0 0 8 
 24  JMP         3     3    1    6   0 0 0 0 0 8 
  3  LOD    0    5     4    1    7   0 0 0 0 0 8 8 
  4  LIT         1     5    1    8   0 0 0 0 0 8 8 1 
  5  GTR               6    1    7   0 0 0 0 0 8 1 
  6  JPC        25     7    1    6   0 0 0 0 0 8 
  7  LOD    0    5     8    1    7   0 0 0 0 0 8 8 
  8  STO    0    4     9    1    6   0 0 0 0 8 8 
  9  LOD    0    4    10    1    7   0 0 0 0 8 8 8 
 10  LIT         0    11    1    8   0 0 0 0 8 8 8 0 
 11  GTR              12    1    7   0 0 0 0 8 8 1 
 12  JPC        20    13    1    6   0 0 0 0 8 8 
 13  LOD    0    4    14    1    7   0 0 0 0 8 8 8 
 14  OUT      
Output:   8           15    1    6   0 0 0 0 8 8 
 15  LOD    0    4    16    1    7   0 0 0 0 8 8 8 
 16  LIT         1    17    1    8   0 0 0 0 8 8 8 1 
 17  SUB              18    1    7   0 0 0 0 8 8 7 
 18  STO    0    4    19    1    6   0 0 0 0 7 8 
 19  JMP         9     9    1    6   0 0 0 0 7 8 
  9  LOD    0    4    10    1    7   0 0 0 0 7 8 7 
 10  LIT         0    11    1    8   0 0 0 0 7 8 7 0 
 11  GTR              12    1    7   0 0 0 0 7 8 1 
 12  JPC        20    13    1    6   0 0 0 0 7 8 
 13  LOD    0    4    14    1    7   0 0 0 0 7 8 7 
 14  OUT      
Output:   7           15    1    6   0 0 0 0 7 8 
 15  LOD    0    4    16    1    7   0 0 0 0 7 8 7 
 16  LIT         1    17    1    8   0 0 0 0 7 8 7 1 
 17  SUB              18    1    7   0 0 0 0 7 8 6 
 18  STO    0    4    19    1    6   0 0 0 0 6 8 
 19  JMP         9     9    1    6   0 0 0 0 6 8 
  9  LOD    0    4    10    1    7   0 0 0 0 6 8 6 
 10  LIT         0    11    1    8   0 0 0 0 6 8 6 0 
 11  GTR              12    1    7   0 0 0 0 6 8 1 
 12  JPC        20    13    1    6   0 0 0 0 6 8 
 13  LOD    0    4    14    1    7   0 0 0 0 6 8 6 
 14  OUT      
Output:   6           15    1    6   0 0 0 0 6 8 
 15  LOD    0    4    16    1    7   0 0 0 0 6 8 6 
 16  LIT         1    17    1    8   0 0 0 0 6 8 6 1 
 17  SUB              18    1    7   0 0 0 0 6 8 5 
 18  STO    0    4    19    1    6   0 0 0 0 5 8 
 19  JMP         9     9    1    6   0 0 0 0 5 8 
  9  LOD    0    4    10    1    7   0 0 0 0 5 8 5 
 10  LIT         0    11    1    8   0 0 0 0 5 8 5 0 
 11  GTR              12    1    7   0 0 0 0 5 8 1 
 12  JPC        20    13    1    6   0 0 0 0 5 8 
 13  LOD    0    4    14    1    7   0 0 0 0 5 8 5 
 14  OUT      
Output:   5           15    1    6   0 0 0 0 5 8 
 15  LOD    0    4    16    1    7   0 0 0 0 5 8 5 
 16  LIT         1    17    1    8   0 0 0 0 5 8 5 1 
 17  SUB              18    1    7   0 0 0 0 5 8 4 
 18  STO    0    4    19    1    6   0 0 0 0 4 8 
 19  JMP         9     9    1    6   0 0 0 0 4 8 
  9  LOD    0    4    10    1    7   0 0 0 0 4 8 4 
 10  LIT         0    11    1    8   0 0 0 0 4 8 4 0 
 11  GTR              12    1    7   0 0 0 0 4 8 1 
 12  JPC        20    13    1    6   0 0 0 0 4 8 
 13  LOD    0    4    14    1    7   0 0 0 0 4 8 4 
 14  OUT      
Output:   4           15    1    6   0 0 0 0 4 8 
 15  LOD    0    4    16    1    7   0 0 0 0 4 8 4 
 16  LIT         1    17    1    8   0 0 0 0 4 8 4 1 
 17  SUB              18    1    7   0 0 0 0 4 8 3 
 18  STO    0    4    19    1    6   0 0 0 0 3 8 
 19  JMP         9     9    1    6   0 0 0 0 3 8 
  9  LOD    0    4    10    1    7   0 0 0 0 3 8 3 
 10  LIT         0    11    1    8   0 0 0 0 3 8 3 0 
 11  GTR              12    1    7   0 0 0 0 3 8 1 
 12  JPC        20    13    1    6   0 0 0 0 3 8 
 13  LOD    0    4    14    1    7   0 0 0 0 3 8 3 
 14  OUT      
Output:   3           15    1    6   0 0 0 0 3 8 
 15  LOD    0    4    16    1    7   0 0 0 0 3 8 3 
 16  LIT         1    17    1    8   0 0 0 0 3 8 3 1 
 17  SUB              18    1    7   0 0 0 0 3 8 2 
 18  STO    0    4    19    1    6   0 0 0 0 2 8 
 19  JMP         9     9    1    6   0 0 0 0 2 8 
  9  LOD    0    4    10    1    7   0 0 0 0 2 8 2 
 10  LIT         0    11    1    8   0 0 0 0 2 8 2 0 
 11  GTR              12    1    7   0 0 0 0 2 8 1 
 12  JPC        20    13    1    6   0 0 0 0 2 8 
 13  LOD    0    4    14    1    7   0 0 0 0 2 8 2 
 14  OUT      
Output:   2           15    1    6   0 0 0 0 2 8 
 15  LOD    0    4    16    1    7   0 0 0 0 2 8 2 
 16  LIT         1    17    1    8   0 0 0 0 2 8 2 1 
 17  SUB              18    1    7   0 0 0 0 2 8 1 
 18  STO    0    4    19    1    6   0 0 0 0 1 8 
 19  JMP         9     9    1    6   0 0 0 0 1 8 
  9  LOD    0    4    10    1    7   0 0 0 0 1 8 1 
 10  LIT         0    11    1    8   0 0 0 0 1 8 1 0 
 11  GTR              12    1    7   0 0 0 0 1 8 1 
 12  JPC        20    13    1    6   0 0 0 0 1 8 
 13  LOD    0    4    14    1    7   0 0 0 0 1 8 1 
 14  OUT      
Output:   1           15    1    6   0 0 0 0 1 8 
 15  LOD    0    4    16    1    7   0 0 0 0 1 8 1 
 16  LIT         1    17    1    8   0 0 0 0 1 8 1 1 
 17  SUB              18    1    7   0 0 0 0 1 8 0 
 18  STO    0    4    19    1    6   0 0 0 0 0 8 
 19  JMP         9     9    1    6   0 0 0 0 0 8 
  9  LOD    0    4    10    1    7   0 0 0 0 0 8 0 
 10  LIT         0    11    1    8   0 0 0 0 0 8 0 0 
 11  GTR              12    1    7   0 0 0 0 0 8 0 
 12  JPC        20    20    1    6   0 0 0 0 0 8 
 20  LOD    0    5    21    1    7   0 0 0 0 0 8 8 
 21  LIT         1    22    1    8   0 0 0 0 0 8 8 1 
 22  SUB              23    1    7   0 0 0 0 0 8 7 
 23  STO    0    5    24    1    6   0 0 0 0 0 7 
 24  JMP         3     3    1    6   0 0 0 0 0 7 
  3  LOD    0    5     4    1    7   0 0 0 0 0 7 7 
  4  LIT         1     5    1    8   0 0 0 0 0 7 7 1 
  5  GTR               6    1    7   0 0 0 0 0 7 1 
  6  JPC        25     7    1    6   0 0 0 0 0 7 
  7  LOD    0    5     8    1    7   0 0 0 0 0 7 7 
  8  STO    0    4     9    1    6   0 0 0 0 7 7 
  9  LOD    0    4    10    1    7   0 0 0 0 7 7 7 
 10  LIT         0    11    1    8   0 0 0 0 7 7 7 0 
 11  GTR              12    1    7   0 0 0 0 7 7 1 
 12  JPC        20    13    1    6   0 0 0 0 7 7 
 13  LOD    0    4    14    1    7   0 0 0 0 7 7 7 
 14  OUT      
Output:   7           15    1    6   0 0 0 0 7 7 
 15  LOD    0    4    16    1    7   0 0 0 0 7 7 7 
 16  LIT         1    17    1    8   0 0 0 0 7 7 7 1 
 17  SUB              18    1    7   0 0 0 0 7 7 6 
 18  STO    0    4    19    1    6   0 0 0 0 6 7 
 19  JMP         9     9    1    6   0 0 0 0 6 7 
  9  LOD    0    4    10    1    7   0 0 0 0 6 7 6 
 10  LIT         0    11    1    8   0 0 0 0 6 7 6 0 
 11  GTR              12    1    7   0 0 0 0 6 7 1 
 12  JPC        20    13    1    6   0 0 0 0 6 7 
 13  LOD    0    4    14    1    7   0 0 0 0 6 7 6 
 14  OUT      
Output:   6           15    1    6   0 0 0 0 6 7 
 15  LOD    0    4    16    1    7   0 0 0 0 6 7 6 
 16  LIT         1    17    1    8   0 0 0 0 6 7 6 1 
 17  SUB              18    1    7   0 0 0 0 6 7 5 
 18  STO    0    4    19    1    6   0 0 0 0 5 7 
 19  JMP         9     9    1    6   0 0 0 0 5 7 
  9  LOD    0    4    10    1    7   0 0 0 0 5 7 5 
 10  LIT         0    11    1    8   0 0 0 0 5 7 5 0 
 11  GTR              12    1    7   0 0 0 0 5 7 1 
 12  JPC        20    13    1    6   0 0 0 0 5 7 
 13  LOD    0    4    14    1    7   0 0 0 0 5 7 5 
 14  OUT      
Output:   5           15    1    6   0 0 0 0 5 7 
 15  LOD    0    4    16    1    7   0 0 0 0 5 7 5 
 16  LIT         1    17    1    8   0 0 0 0 5 7 5 1 
 17  SUB              18    1    7   0 0 0 0 5 7 4 
 18  STO    0    4    19    1    6   0 0 0 0 4 7 
 19  JMP         9     9    1    6   0 0 0 0 4 7 
  9  LOD    0    4    10    1    7   0 0 0 0 4 7 4 
 10  LIT         0    11    1    8   0 0 0 0 4 7 4 0 
 11  GTR              12    1    7   0 0 0 0 4 7 1 
 12  JPC        20    13    1    6   0 0 0 0 4 7 
 13  LOD    0    4    14    1    7   0 0 0 0 4 7 4 
 14  OUT      
Output:   4           15    1    6   0 0 0 0 4 7 
 15  LOD    0    4    16    1    7   0 0 0 0 4 7 4 
 16  LIT         1    17    1    8   0 0 0 0 4 7 4 1 
 17  SUB              18    1    7   0 0 0 0 4 7 3 
 18  STO    0    4    19    1    6   0 0 0 0 3 7 
 19  JMP         9     9    1    6   0 0 0 0 3 7 
  9  LOD    0    4    10    1    7   0 0 0 0 3 7 3 
 10  LIT         0    11    1    8   0 0 0 0 3 7 3 0 
 11  GTR              12    1    7   0 0 0 0 3 7 1 
 12  JPC        20    13    1    6   0 0 0 0 3 7 
 13  LOD    0    4    14    1    7   0 0 0 0 3 7 3 
 14  OUT      
Output:   3           15    1    6   0 0 0 0 3 7 
 15  LOD    0    4    16    1    7   0 0 0 0 3 7 3 
 16  LIT         1    17    1    8   0 0 0 0 3 7 3 1 
 17  SUB              18    1    7   0 0 0 0 3 7 2 
 18  STO    0    4    19    1    6   0 0 0 0 2 7 
 19  JMP         9     9    1    6   0 0 0 0 2 7 
  9  LOD    0    4    10    1    7   0 0 0 0 2 7 2 
 10  LIT         0    11    1    8   0 0 0 0 2 7 2 0 
 11  GTR              12    1    7   0 0 0 0 2 7 1 
 12  JPC        20    13    1    6   0 0 0 0 2 7 
 13  LOD    0    4    14    1    7   0 0 0 0 2 7 2 
 14  OUT      
Output:   2           15    1    6   0 0 0 0 2 7 
 15  LOD    0    4    16    1    7   0 0 0 0 2 7 2 
 16  LIT         1    17    1    8   0 0 0 0 2 7 2 1 
 17  SUB              18    1    7   0 0 0 0 2 7 1 
 18  STO    0    4    19    1    6   0 0 0 0 1 7 
 19  JMP         9     9    1    6   0 0 0 0 1 7 
  9  LOD    0    4    10    1    7   0 0 0 0 1 7 1 
 10  LIT         0    11    1    8   0 0 0 0 1 7 1 0 
 11  GTR              12    1    7   0 0 0 0 1 7 1 
 12  JPC        20    13    1    6   0 0 0 0 1 7 
 13  LOD    0    4    14    1    7   0 0 0 0 1 7 1 
 14  OUT      
Output:   1           15    1    6   0 0 0 0 1 7 
 15  LOD    0    4    16    1    7   0 0 0 0 1 7 1 
 16  LIT         1    17    1    8   0 0 0 0 1 7 1 1 
 17  SUB              18    1    7   0 0 0 0 1 7 0 
 18  STO    0    4    19    1    6   0 0 0 0 0 7 
 19  JMP         9     9    1    6   0 0 0 0 0 7 
  9  LOD    0    4    10    1    7   0 0 0 0 0 7 0 
 10  LIT         0    11    1    8   0 0 0 0 0 7 0 0 
 11  GTR              12    1    7   0 0 0 0 0 7 0 
 12  JPC        20    20    1    6   0 0 0 0 0 7 
 20  LOD    0    5    21    1    7   0 0 0 0 0 7 7 
 21  LIT         1    22    1    8   0 0 0 0 0 7 7 1 
 22  SUB              23    1    7   0 0 0 0 0 7 6 
 23  STO    0    5    24    1    6   0 0 0 0 0 6 
 24  JMP         3     3    1    6   0 0 0 0 0 6 
  3  LOD    0    5     4    1    7   0 0 0 0 0 6 6 
  4  LIT         1     5    1    8   0 0 0 0 0 6 6 1 
  5  GTR               6    1    7   0 0 0 0 0 6 1 
  6  JPC        25     7    1    6   0 0 0 0 0 6 
  7  LOD    0    5     8    1    7   0 0 0 0 0 6 6 
  8  STO    0    4     9    1    6   0 0 0 0 6 6 
  9  LOD    0    4    10    1    7   0 0 0 0 6 6 6 
 10  LIT         0    11    1    8   0 0 0 0 6 6 6 0 
 11  GTR              12    1    7   0 0 0 0 6 6 1 
 12  JPC        20    13    1    6   0 0 0 0 6 6 
 13  LOD    0    4    14    1    7   0 0 0 0 6 6 6 
 14  OUT      
Output:   6           15    1    6   0 0 0 0 6 6 
 15  LOD    0    4    16    1    7   0 0 0 0 6 6 6 
 16  LIT         1    17    1    8   0 0 0 0 6 6 6 1 
 17  SUB              18    1    7   0 0 0 0 6 6 5 
 18  STO    0    4    19    1    6   0 0 0 0 5 6 
 19  JMP         9     9    1    6   0 0 0 0 5 6 
  9  LOD    0    4    10    1    7   0 0 0 0 5 6 5 
 10  LIT         0    11    1    8   0 0 0 0 5 6 5 0 
 11  GTR              12    1    7   0 0 0 0 5 6 1 
 12  JPC        20    13    1    6   0 0 0 0 5 6 
 13  LOD    0    4    14    1    7   0 0 0 0 5 6 5 
 14  OUT      
Output:   5           15    1    6   0 0 0 0 5 6 
 15  LOD    0    4    16    1    7   0 0 0 0 5 6 5 
 16  LIT         1    17    1    8   0 0 0 0 5 6 5 1 
 17  SUB              18    1    7   0 0 0 0 5 6 4 
 18  STO    0    4    19    1    6   0 0 0 0 4 6 
 19  JMP         9     9    1    6   0 0 0 0 4 6 
  9  LOD    0    4    10    1    7   0 0 0 0 4 6 4 
 10  LIT         0    11    1    8   0 0 0 0 4 6 4 0 
 11  GTR              12    1    7   0 0 0 0 4 6 1 
 12  JPC        20    13    1    6   0 0 0 0 4 6 
 13  LOD    0    4    14    1    7   0 0 0 0 4 6 4 
 14  OUT      
Output:   4           15    1    6   0 0 0 0 4 6 
 15  LOD    0    4    16    1    7   0 0 0 0 4 6 4 
 16  LIT         1    17    1    8   0 0 0 0 4 6 4 1 
 17  SUB              18    1    7   0 0 0 0 4 6 3 
 18  STO    0    4    19    1    6   0 0 0 0 3 6 
 19  JMP         9     9    1    6   0 0 0 0 3 6 
  9  LOD    0    4    10    1    7   0 0 0 0 3 6 3 
 10  LIT         0    11    1    8   0 0 0 0 3 6 3 0 
 11  GTR              12    1    7   0 0 0 0 3 6 1 
 12  JPC        20    13    1    6   0 0 0 0 3 6 
 13  LOD    0    4    14    1    7   0 0 0 0 3 6 3 
 14  OUT      
Output:   3           15    1    6   0 0 0 0 3 6 
 15  LOD    0    4    16    1    7   0 0 0 0 3 6 3 
 16  LIT         1    17    1    8   0 0 0 0 3 6 3 1 
 17  SUB              18    1    7   0 0 0 0 3 6 2 
 18  STO    0    4    19    1    6   0 0 0 0 2 6 
 19  JMP         9     9    1    6   0 0 0 0 2 6 
  9  LOD    0    4    10    1    7   0 0 0 0 2 6 2 
 10  LIT         0    11    1    8   0 0 0 0 2 6 2 0 
 11  GTR              12    1    7   0 0 0 0 2 6 1 
 12  JPC        20    13    1    6   0 0 0 0 2 6 
 13  LOD    0    4    14    1    7   0 0 0 0 2 6 2 
 14  OUT      
Output:   2           15    1    6   0 0 0 0 2 6 
 15  LOD    0    4    16    1    7   0 0 0 0 2 6 2 
 16  LIT         1    17    1    8   0 0 0 0 2 6 2 1 
 17  SUB              18    1    7   0 0 0 0 2 6 1 
 18  STO    0    4    19    1    6   0 0 0 0 1 6 
 19  JMP         9     9    1    6   0 0 0 0 1 6 
  9  LOD    0    4    10    1    7   0 0 0 0 1 6 1 
 10  LIT         0    11    1    8   0 0 0 0 1 6 1 0 
 11  GTR              12    1    7   0 0 0 0 1 6 1 
 12  JPC        20    13    1    6   0 0 0 0 1 6 
 13  LOD    0    4    14    1    7   0 0 0 0 1 6 1 
 14  OUT      
Output:   1           15    1    6   0 0 0 0 1 6 
 15  LOD    0    4    16    1    7   0 0 0 0 1 6 1 
 16  LIT         1    17    1    8   0 0 0 0 1 6 1 1 
 17  SUB              18    1    7   0 0 0 0 1 6 0 
 18  STO    0    4    19    1    6   0 0 0 0 0 6 
 19  JMP         9     9    1    6   0 0 0 0 0 6 
  9  LOD    0    4    10    1    7   0 0 0 0 0 6 0 
 10  LIT         0    11    1    8   0 0 0 0 0 6 0 0 
 11  GTR              12    1    7   0 0 0 0 0 6 0 
 12  JPC        20    20    1    6   0 0 0 0 0 6 
 20  LOD    0    5    21    1    7   0 0 0 0 0 6 6 
 21  LIT         1    22    1    8   0 0 0 0 0 6 6 1 
 22  SUB              23    1    7   0 0 0 0 0 6 5 
 23  STO    0    5    24    1    6   0 0 0 0 0 5 
 24  JMP         3     3    1    6   0 0 0 0 0 5 
  3  LOD    0    5     4    1    7   0 0 0 0 0 5 5 
  4  LIT         1     5    1    8   0 0 0 0 0 5 5 1 
  5  GTR               6    1    7   0 0 0 0 0 5 1 
  6  JPC        25     7    1    6   0 0 0 0 0 5 
  7  LOD    0    5     8    1    7   0 0 0 0 0 5 5 
  8  STO    0    4     9    1    6   0 0 0 0 5 5 
  9  LOD    0    4    10    1    7   0 0 0 0 5 5 5 
 10  LIT         0    11    1    8   0 0 0 0 5 5 5 0 
 11  GTR              12    1    7   0 0 0 0 5 5 1 
 12  JPC        20    13    1    6   0 0 0 0 5 5 
 13  LOD    0    4    14    1    7   0 0 0 0 5 5 5 
 14  OUT      
Output:   5           15    1    6   0 0 0 0 5 5 
 15  LOD    0    4    16    1    7   0 0 0 0 5 5 5 
 16  LIT         1    17    1    8   0 0 0 0 5 5 5 1 
 17  SUB              18    1    7   0 0 0 0 5 5 4 
 18  STO    0    4    19    1    6   0 0 0 0 4 5 
 19  JMP         9     9    1    6   0 0 0 0 4 5 
  9  LOD    0    4    10    1    7   0 0 0 0 4 5 4 
 10  LIT         0    11    1    8   0 0 0 0 4 5 4 0 
 11  GTR              12    1    7   0 0 0 0 4 5 1 
 12  JPC        20    13    1    6   0 0 0 0 4 5 
 13  LOD    0    4    14    1    7   0 0 0 0 4 5 4 
 14  OUT      
Output:   4           15    1    6   0 0 0 0 4 5 
 15  LOD    0    4    16    1    7   0 0 0 0 4 5 4 
 16  LIT         1    17    1    8   0 0 0 0 4 5 4 1 
 17  SUB              18    1    7   0 0 0 0 4 5 3 
 18  STO    0    4    19    1    6   0 0 0 0 3 5 
 19  JMP         9     9    1    6   0 0 0 0 3 5 
  9  LOD    0    4    10    1    7   0 0 0 0 3 5 3 
 10  LIT         0    11    1    8   0 0 0 0 3 5 3 0 
 11  GTR              12    1    7   0 0 0 0 3 5 1 
 12  JPC        20    13    1    6   0 0 0 0 3 5 
 13  LOD    0    4    14    1    7   0 0 0 0 3 5 3 
 14  OUT      
Output:   3           15    1    6   0 0 0 0 3 5 
 15  LOD    0    4    16    1    7   0 0 0 0 3 5 3 
 16  LIT         1    17    1    8   0 0 0 0 3 5 3 1 
 17  SUB              18    1    7   0 0 0 0 3 5 2 
 18  STO    0    4    19    1    6   0 0 0 0 2 5 
 19  JMP         9     9    1    6   0 0 0 0 2 5 
  9  LOD    0    4    10    1    7   0 0 0 0 2 5 2 
 10  LIT         0    11    1    8   0 0 0 0 2 5 2 0 
 11  GTR              12    1    7   0 0 0 0 2 5 1 
 12  JPC        20    13    1    6   0 0 0 0 2 5 
 13  LOD    0    4    14    1    7   0 0 0 0 2 5 2 
 14  OUT      
Output:   2           15    1    6   0 0 0 0 2 5 
 15  LOD    0    4    16    1    7   0 0 0 0 2 5 2 
 16  LIT         1    17    1    8   0 0 0 0 2 5 2 1 
 17  SUB              18    1    7   0 0 0 0 2 5 1 
 18  STO    0    4    19    1    6   0 0 0 0 1 5 
 19  JMP         9     9    1    6   0 0 0 0 1 5 
  9  LOD    0    4    10    1    7   0 0 0 0 1 5 1 
 10  LIT         0    11    1    8   0 0 0 0 1 5 1 0 
 11  GTR              12    1    7   0 0 0 0 1 5 1 
 12  JPC        20    13    1    6   0 0 0 0 1 5 
 13  LOD    0    4    14    1    7   0 0 0 0 1 5 1 
 14  OUT      
Output:   1           15    1    6   0 0 0 0 1 5 
 15  LOD    0    4    16    1    7   0 0 0 0 1 5 1 
 16  LIT         1    17    1    8   0 0 0 0 1 5 1 1 
 17  SUB              18    1    7   0 0 0 0 1 5 0 
 18  STO    0    4    19    1    6   0 0 0 0 0 5 
 19  JMP         9     9    1    6   0 0 0 0 0 5 
  9  LOD    0    4    10    1    7   0 0 0 0 0 5 0 
 10  LIT         0    11    1    8   0 0 0 0 0 5 0 0 
 11  GTR              12    1    7   0 0 0 0 0 5 0 
 12  JPC        20    20    1    6   0 0 0 0 0 5 
 20  LOD    0    5    21    1    7   0 0 0 0 0 5 5 
 21  LIT         1    22    1    8   0 0 0 0 0 5 5 1 
 22  SUB              23    1    7   0 0 0 0 0 5 4 
 23  STO    0    5    24    1    6   0 0 0 0 0 4 
 24  JMP         3     3    1    6   0 0 0 0 0 4 
  3  LOD    0    5     4    1    7   0 0 0 0 0 4 4 
  4  LIT         1     5    1    8   0 0 0 0 0 4 4 1 
  5  GTR               6    1    7   0 0 0 0 0 4 1 
  6  JPC        25     7    1    6   0 0 0 0 0 4 
  7  LOD    0    5     8    1    7   0 0 0 0 0 4 4 
  8  STO    0    4     9    1    6   0 0 0 0 4 4 
  9  LOD    0    4    10    1    7   0 0 0 0 4 4 4 
 10  LIT         0    11    1    8   0 0 0 0 4 4 4 0 
 11  GTR              12    1    7   0 0 0 0 4 4 1 
 12  JPC        20    13    1    6   0 0 0 0 4 4 
 13  LOD    0    4    14    1    7   0 0 0 0 4 4 4 
 14  OUT      
Output:   4           15    1    6   0 0 0 0 4 4 
 15  LOD    0    4    16    1    7   0 0 0 0 4 4 4 
 16  LIT         1    17    1    8   0 0 0 0 4 4 4 1 
 17  SUB              18    1    7   0 0 0 0 4 4 3 
 18  STO    0    4    19    1    6   0 0 0 0 3 4 
 19  JMP         9     9    1    6   0 0 0 0 3 4 
  9  LOD    0    4    10    1    7   0 0 0 0 3 4 3 
 10  LIT         0    11    1    8   0 0 0 0 3 4 3 0 
 11  GTR              12    1    7   0 0 0 0 3 4 1 
 12  JPC        20    13    1    6   0 0 0 0 3 4 
 13  LOD    0    4    14    1    7   0 0 0 0 3 4 3 
 14  OUT      
Output:   3           15    1    6   0 0 0 0 3 4 
 15  LOD    0    4    16    1    7   0 0 0 0 3 4 3 
 16  LIT         1    17    1    8   0 0 0 0 3 4 3 1 
 17  SUB              18    1    7   0 0 0 0 3 4 2 
 18  STO    0    4    19    1    6   0 0 0 0 2 4 
 19  JMP         9     9    1    6   0 0 0 0 2 4 
  9  LOD    0    4    10    1    7   0 0 0 0 2 4 2 
 10  LIT         0    11    1    8   0 0 0 0 2 4 2 0 
 11  GTR              12    1    7   0 0 0 0 2 4 1 
 12  JPC        20    13    1    6   0 0 0 0 2 4 
 13  LOD    0    4    14    1    7   0 0 0 0 2 4 2 
 14  OUT      
Output:   2           15    1    6   0 0 0 0 2 4 
 15  LOD    0    4    16    1    7   0 0 0 0 2 4 2 
 16  LIT         1    17    1    8   0 0 0 0 2 4 2 1 
 17  SUB              18    1    7   0 0 0 0 2 4 1 
 18  STO    0    4    19    1    6   0 0 0 0 1 4 
 19  JMP         9     9    1    6   0 0 0 0 1 4 
  9  LOD    0    4    10    1    7   0 0 0 0 1 4 1 
 10  LIT         0    11    1    8   0 0 0 0 1 4 1 0 
 11  GTR              12    1    7   0 0 0 0 1 4 1 
 12  JPC        20    13    1    6   0 0 0 0 1 4 
 13  LOD    0    4    14    1    7   0 0 0 0 1 4 1 
 14  OUT      
Output:   1           15    1    6   0 0 0 0 1 4 
 15  LOD    0    4    16    1    7   0 0 0 0 1 4 1 
 16  LIT         1    17    1    8   0 0 0 0 1 4 1 1 
 17  SUB              18    1    7   0 0 0 0 1 4 0 
 18  STO    0    4    19    1    6   0 0 0 0 0 4 
 19  JMP         9     9    1    6   0 0 0 0 0 4 
  9  LOD    0    4    10    1    7   0 0 0 0 0 4 0 
 10  LIT         0    11    1    8   0 0 0 0 0 4 0 0 
 11  GTR              12    1    7   0 0 0 0 0 4 0 
 12  JPC        20    20    1    6   0 0 0 0 0 4 
 20  LOD    0    5    21    1    7   0 0 0 0 0 4 4 
 21  LIT         1    22    1    8   0 0 0 0 0 4 4 1 
 22  SUB              23    1    7   0 0 0 0 0 4 3 
 23  STO    0    5    24    1    6   0 0 0 0 0 3 
 24  JMP         3     3    1    6   0 0 0 0 0 3 
  3  LOD    0    5     4    1    7   0 0 0 0 0 3 3 
  4  LIT         1     5    1    8   0 0 0 0 0 3 3 1 
  5  GTR               6    1    7   0 0 0 0 0 3 1 
  6  JPC        25     7    1    6   0 0 0 0 0 3 
  7  LOD    0    5     8    1    7   0 0 0 0 0 3 3 
  8  STO    0    4     9    1    6   0 0 0 0 3 3 
  9  LOD    0    4    10    1    7   0 0 0 0 3 3 3 
 10  LIT         0    11    1    8   0 0 0 0 3 3 3 0 
 11  GTR              12    1    7   0 0 0 0 3 3 1 
 12  JPC        20    13    1    6   0 0 0 0 3 3 
 13  LOD    0    4    14    1    7   0 0 0 0 3 3 3 
 14  OUT      
Output:   3           15    1    6   0 0 0 0 3 3 
 15  LOD    0    4    16    1    7   0 0 0 0 3 3 3 
 16  LIT         1    17    1    8   0 0 0 0 3 3 3 1 
 17  SUB              18    1    7   0 0 0 0 3 3 2 
 18  STO    0    4    19    1    6   0 0 0 0 2 3 
 19  JMP         9     9    1    6   0 0 0 0 2 3 
  9  LOD    0    4    10    1    7   0 0 0 0 2 3 2 
 10  LIT         0    11    1    8   0 0 0 0 2 3 2 0 
 11  GTR              12    1    7   0 0 0 0 2 3 1 
 12  JPC        20    13    1    6   0 0 0 0 2 3 
 13  LOD    0    4    14    1    7   0 0 0 0 2 3 2 
 14  OUT      
Output:   2           15    1    6   0 0 0 0 2 3 
 15  LOD    0    4    16    1    7   0 0 0 0 2 3 2 
 16  LIT         1    17    1    8   0 0 0 0 2 3 2 1 
 17  SUB              18    1    7   0 0 0 0 2 3 1 
 18  STO    0    4    19    1    6   0 0 0 0 1 3 
 19  JMP         9     9    1    6   0 0 0 0 1 3 
  9  LOD    0    4    10    1    7   0 0 0 0 1 3 1 
 10  LIT         0    11    1    8   0 0 0 0 1 3 1 0 
 11  GTR              12    1    7   0 0 0 0 1 3 1 
 12  JPC        20    13    1    6   0 0 0 0 1 3 
 13  LOD    0    4    14    1    7   0 0 0 0 1 3 1 
 14  OUT      
Output:   1           15    1    6   0 0 0 0 1 3 
 15  LOD    0    4    16    1    7   0 0 0 0 1 3 1 
 16  LIT         1    17    1    8   0 0 0 0 1 3 1 1 
 17  SUB              18    1    7   0 0 0 0 1 3 0 
 18  STO    0    4    19    1    6   0 0 0 0 0 3 
 19  JMP         9     9    1    6   0 0 0 0 0 3 
  9  LOD    0    4    10    1    7   0 0 0 0 0 3 0 
 10  LIT         0    11    1    8   0 0 0 0 0 3 0 0 
 11  GTR              12    1    7   0 0 0 0 0 3 0 
 12  JPC        20    20    1    6   0 0 0 0 0 3 
 20  LOD    0    5    21    1    7   0 0 0 0 0 3 3 
 21  LIT         1    22    1    8   0 0 0 0 0 3 3 1 
 22  SUB              23    1    7   0 0 0 0 0 3 2 
 23  STO    0    5    24    1    6   0 0 0 0 0 2 
 24  JMP         3     3    1    6   0 0 0 0 0 2 
  3  LOD    0    5     4    1    7   0 0 0 0 0 2 2 
  4  LIT         1     5    1    8   0 0 0 0 0 2 2 1 
  5  GTR               6    1    7   0 0 0 0 0 2 1 
  6  JPC        25     7    1    6   0 0 0 0 0 2 
  7  LOD    0    5     8    1    7   0 0 0 0 0 2 2 
  8  STO    0    4     9    1    6   0 0 0 0 2 2 
  9  LOD    0    4    10    1    7   0 0 0 0 2 2 2 
 10  LIT         0    11    1    8   0 0 0 0 2 2 2 0 
 11  GTR              12    1    7   0 0 0 0 2 2 1 
 12  JPC        20    13    1    6   0 0 0 0 2 2 
 13  LOD    0    4    14    1    7   0 0 0 0 2 2 2 
 14  OUT      
Output:   2           15    1    6   0 0 0 0 2 2 
 15  LOD    0    4    16    1    7   0 0 0 0 2 2 2 
 16  LIT         1    17    1    8   0 0 0 0 2 2 2 1 
 17  SUB              18    1    7   0 0 0 0 2 2 1 
 18  STO    0    4    19    1    6   0 0 0 0 1 2 
 19  JMP         9     9    1    6   0 0 0 0 1 2 
  9  LOD    0    4    10    1    7   0 0 0 0 1 2 1 
 10  LIT         0    11    1    8   0 0 0 0 1 2 1 0 
 11  GTR              12    1    7   0 0 0 0 1 2 1 
 12  JPC        20    13    1    6   0 0 0 0 1 2 
 13  LOD    0    4    14    1    7   0 0 0 0 1 2 1 
 14  OUT      
Output:   1           15    1    6   0 0 0 0 1 2 
 15  LOD    0    4    16    1    7   0 0 0 0 1 2 1 
 16  LIT         1    17    1    8   0 0 0 0 1 2 1 1 
 17  SUB              18    1    7   0 0 0 0 1 2 0 
 18  STO    0    4    19    1    6   0 0 0 0 0 2 
 19  JMP         9     9    1    6   0 0 0 0 0 2 
  9  LOD    0    4    10    1    7   0 0 0 0 0 2 0 
 10  LIT         0    11    1    8   0 0 0 0 0 2 0 0 
 11  GTR              12    1    7   0 0 0 0 0 2 0 
 12  JPC        20    20    1    6   0 0 0 0 0 2 
 20  LOD    0    5    21    1    7   0 0 0 0 0 2 2 
 21  LIT         1    22    1    8   0 0 0 0 0 2 2 1 
 22  SUB              23    1    7   0 0 0 0 0 2 1 
 23  STO    0    5    24    1    6   0 0 0 0 0 1 
 24  JMP         3     3    1    6   0 0 0 0 0 1 
  3  LOD    0    5     4    1    7   0 0 0 0 0 1 1 
  4  LIT         1     5    1    8   0 0 0 0 0 1 1 1 
  5  GTR               6    1    7   0 0 0 0 0 1 0 
  6  JPC        25    25    1    6   0 0 0 0 0 1 
 25  HLT              26    1    6   0 0 0 0 0 1 
